3.982094000000000023e+00 -1.547779999999999989e-01 2.963865000000000194e+00
3.931468999999999880e+00 -1.445940000000000003e-01 2.963058999999999887e+00
3.880514999999999937e+00 -1.346759999999999902e-01 2.960898999999999948e+00
3.842718000000000078e+00 -1.308690000000000131e-01 2.955797000000000008e+00
3.797271999999999981e+00 -1.219319999999999987e-01 2.951035000000000075e+00
3.747716000000000047e+00 -1.106179999999999941e-01 2.956770000000000120e+00
3.702087999999999823e+00 -1.171890000000000015e-01 3.024518000000000040e+00
3.645691999999999933e+00 -1.404430000000000123e-01 -3.133739999999999970e+00
3.596419000000000032e+00 -1.488420000000000021e-01 -3.102702999999999989e+00
3.568439999999999834e+00 -1.493869999999999920e-01 -3.104954000000000214e+00
3.520272999999999985e+00 -1.520440000000000125e-01 -3.103854000000000113e+00
3.472192999999999863e+00 -1.541399999999999992e-01 -3.107078000000000007e+00
3.413457999999999881e+00 -1.486709999999999976e-01 -3.106609000000000176e+00
3.362645999999999802e+00 -1.483019999999999894e-01 -3.110427000000000053e+00
3.313527000000000111e+00 -1.480069999999999997e-01 -3.115378000000000203e+00
3.265308000000000099e+00 -1.489910000000000123e-01 -3.117347999999999786e+00
3.218732000000000149e+00 -1.497310000000000030e-01 -3.117980999999999892e+00
3.175297000000000036e+00 -1.502660000000000107e-01 -3.119864000000000193e+00
3.151562999999999892e+00 -1.502300000000000024e-01 -3.118453999999999837e+00
3.106222999999999956e+00 -1.493049999999999933e-01 -3.121262000000000203e+00
3.079934000000000172e+00 -1.496929999999999927e-01 -3.122142999999999891e+00
3.051162000000000152e+00 -1.527149999999999896e-01 -3.122832999999999970e+00
2.981167000000000122e+00 -1.528789999999999871e-01 -3.124929999999999986e+00
2.924205999999999861e+00 -1.506039999999999879e-01 -3.125093000000000121e+00
2.868233000000000033e+00 -1.516659999999999953e-01 -3.130243000000000109e+00
2.817952000000000012e+00 -1.507999999999999896e-01 -3.132664999999999811e+00
2.771098999999999979e+00 -1.529800000000000049e-01 -3.134516000000000080e+00
2.718725000000000058e+00 -1.521859999999999880e-01 -3.132797000000000054e+00
2.640871000000000191e+00 -1.520259999999999945e-01 -3.140209000000000028e+00
2.595914000000000055e+00 -1.517940000000000123e-01 3.141148999999999969e+00
2.536588000000000065e+00 -1.495950000000000057e-01 3.141211000000000197e+00
2.508166999999999813e+00 -1.510829999999999951e-01 -3.141181000000000001e+00
2.460300000000000153e+00 -1.501830000000000109e-01 -3.141334000000000071e+00
2.411148999999999987e+00 -1.531629999999999936e-01 3.141340000000000021e+00
2.360457999999999945e+00 -1.537890000000000090e-01 3.136648000000000103e+00
2.328380999999999812e+00 -1.551180000000000059e-01 3.135692000000000146e+00
2.281207000000000207e+00 -1.541820000000000135e-01 3.137011999999999912e+00
2.238430000000000142e+00 -1.551649999999999974e-01 3.130220000000000002e+00
2.183485000000000120e+00 -1.535420000000000118e-01 3.129932999999999854e+00
2.128032000000000146e+00 -1.515199999999999880e-01 3.132448999999999817e+00
2.057554999999999801e+00 -1.495219999999999883e-01 3.131809000000000065e+00
2.019915999999999823e+00 -1.516299999999999870e-01 3.132121000000000155e+00
1.928795999999999955e+00 -1.509189999999999976e-01 3.128890000000000171e+00
1.884735000000000049e+00 -1.483540000000000136e-01 3.127371999999999819e+00
1.838052999999999937e+00 -1.470519999999999883e-01 3.130733000000000210e+00
1.788437000000000054e+00 -1.579079999999999928e-01 -3.101189000000000195e+00
1.753479000000000010e+00 -1.721739999999999937e-01 -3.048836999999999797e+00
1.724358999999999975e+00 -1.956670000000000076e-01 -2.942892000000000063e+00
1.676361999999999908e+00 -2.409050000000000080e-01 -2.779790999999999901e+00
1.684085000000000054e+00 -2.633969999999999922e-01 -2.674004000000000048e+00
1.678982999999999892e+00 -3.189469999999999805e-01 -2.464395000000000113e+00
1.681349999999999900e+00 -3.743509999999999893e-01 -2.275259000000000142e+00
1.678363999999999967e+00 -4.353589999999999960e-01 -2.110020000000000007e+00
1.660298999999999969e+00 -4.754749999999999810e-01 -2.080016999999999783e+00
1.641931000000000029e+00 -5.003499999999999615e-01 -2.085048000000000012e+00
1.609912000000000010e+00 -5.507659999999999778e-01 -2.092862999999999918e+00
1.570149999999999935e+00 -6.206570000000000142e-01 -2.098695999999999895e+00
1.550030999999999937e+00 -6.552630000000000399e-01 -2.093141999999999836e+00
1.524650999999999978e+00 -7.204120000000000523e-01 -2.071597999999999828e+00
1.524766999999999983e+00 -7.669300000000000006e-01 -2.010991999999999891e+00
1.510086999999999957e+00 -8.368419999999999748e-01 -1.950393999999999961e+00
1.509975000000000067e+00 -8.631910000000000416e-01 -1.904960999999999904e+00
1.527058000000000026e+00 -8.942189999999999861e-01 -1.793528000000000011e+00
1.534486999999999934e+00 -9.423099999999999810e-01 -1.709157000000000037e+00
1.534569999999999990e+00 -1.011822999999999917e+00 -1.673011999999999944e+00
1.528963999999999990e+00 -1.060669000000000084e+00 -1.675427999999999917e+00
1.523647999999999891e+00 -1.107795000000000085e+00 -1.676399999999999890e+00
1.525206000000000062e+00 -1.136146000000000100e+00 -1.675035999999999969e+00
1.521025000000000071e+00 -1.194153999999999938e+00 -1.678412999999999933e+00
1.515856000000000092e+00 -1.241455999999999893e+00 -1.676557000000000075e+00
1.510693000000000064e+00 -1.290950000000000042e+00 -1.676131999999999955e+00
1.505767000000000078e+00 -1.340049000000000046e+00 -1.675022999999999929e+00
1.500372999999999957e+00 -1.371083000000000052e+00 -1.683354000000000017e+00
1.495158999999999905e+00 -1.420471999999999957e+00 -1.681623000000000090e+00
1.492316999999999894e+00 -1.472903999999999991e+00 -1.666967000000000088e+00
1.491409999999999902e+00 -1.523166000000000020e+00 -1.649788000000000032e+00
1.483017999999999947e+00 -1.574583000000000066e+00 -1.658036999999999983e+00
1.477973999999999899e+00 -1.622189000000000103e+00 -1.660965999999999942e+00
1.473980999999999986e+00 -1.663850999999999969e+00 -1.660846999999999962e+00
1.467503000000000002e+00 -1.712852000000000041e+00 -1.665076000000000001e+00
1.461103999999999958e+00 -1.766299999999999981e+00 -1.664938999999999947e+00
1.454855999999999927e+00 -1.819223999999999952e+00 -1.666944999999999899e+00
1.451891000000000043e+00 -1.867712999999999957e+00 -1.665378999999999943e+00
1.441950000000000065e+00 -1.892941999999999902e+00 -1.669508999999999910e+00
1.437492999999999910e+00 -1.941486999999999963e+00 -1.667974999999999985e+00
1.425631000000000093e+00 -1.990355000000000096e+00 -1.673054999999999959e+00
1.418401999999999941e+00 -2.057925000000000004e+00 -1.674299999999999899e+00
1.400171999999999972e+00 -2.083759000000000139e+00 -1.679502999999999968e+00
1.395304000000000100e+00 -2.132381000000000082e+00 -1.679124000000000061e+00
1.389243999999999923e+00 -2.181751999999999914e+00 -1.682191999999999910e+00
1.383474000000000093e+00 -2.230691999999999897e+00 -1.683561000000000085e+00
1.377504000000000062e+00 -2.279761000000000148e+00 -1.685594000000000037e+00
1.371610999999999914e+00 -2.328383000000000091e+00 -1.686793999999999905e+00
1.366011000000000086e+00 -2.377689999999999859e+00 -1.686112000000000055e+00
1.360606999999999900e+00 -2.426098999999999783e+00 -1.685259999999999980e+00
1.363591999999999915e+00 -2.443661999999999779e+00 -1.676109999999999989e+00
1.358767999999999976e+00 -2.492636000000000074e+00 -1.674576000000000064e+00
9.706529999999999880e-01 -1.533430000000000071e-01 2.918350999999999917e+00
9.140949999999999909e-01 -1.772509999999999919e-01 3.095955000000000013e+00
8.615490000000000093e-01 -1.794580000000000064e-01 3.132096999999999909e+00
3.996503000000000139e+00 -1.617399999999999949e-01 -3.133630000000000138e+00
3.959524000000000044e+00 -1.636680000000000079e-01 -3.089437999999999906e+00
3.923601000000000116e+00 -1.697740000000000082e-01 -3.070370000000000044e+00
3.889590000000000103e+00 -1.605449999999999933e-01 -3.060535999999999923e+00
3.854131999999999891e+00 -1.628239999999999965e-01 -3.059638000000000080e+00
3.817755000000000010e+00 -1.643300000000000038e-01 -3.061452000000000062e+00
3.801925999999999917e+00 -1.636650000000000049e-01 -3.060617000000000143e+00
3.765140000000000153e+00 -1.640739999999999976e-01 -3.058715999999999990e+00
3.727964000000000055e+00 -1.676739999999999897e-01 -3.062502999999999975e+00
3.691857000000000166e+00 -1.705629999999999924e-01 -3.062980000000000036e+00
3.657325000000000159e+00 -1.730859999999999899e-01 -3.066142999999999841e+00
3.619346999999999870e+00 -1.756989999999999941e-01 -3.071004999999999985e+00
3.580000000000000071e+00 -1.788140000000000007e-01 -3.069927999999999990e+00
3.544200000000000017e+00 -1.809199999999999975e-01 -3.071121999999999908e+00
3.500382000000000104e+00 -1.844540000000000068e-01 -3.069193999999999978e+00
3.460156000000000009e+00 -1.809089999999999865e-01 -3.071649999999999991e+00
3.408641999999999950e+00 -1.837469999999999937e-01 -3.068313999999999986e+00
3.374096999999999902e+00 -1.895560000000000023e-01 -3.069621999999999851e+00
3.361930000000000085e+00 -1.878039999999999987e-01 -3.068648000000000042e+00
3.314878999999999909e+00 -1.904689999999999994e-01 -3.070408000000000026e+00
3.267555999999999905e+00 -1.925489999999999979e-01 -3.072671000000000152e+00
3.231796000000000113e+00 -1.945169999999999955e-01 -3.073262000000000160e+00
3.187162999999999968e+00 -1.958439999999999903e-01 -3.075778000000000123e+00
3.147091999999999778e+00 -1.981140000000000123e-01 -3.076594000000000051e+00
3.100299000000000138e+00 -2.022760000000000113e-01 -3.077122000000000135e+00
3.068515999999999799e+00 -2.029720000000000135e-01 -3.082514999999999894e+00
3.030698999999999810e+00 -2.067509999999999903e-01 -3.083591999999999889e+00
2.994442999999999966e+00 -2.096899999999999875e-01 -3.082535000000000025e+00
2.967045000000000154e+00 -2.060510000000000119e-01 -3.086787000000000170e+00
2.949138000000000037e+00 -2.068869999999999876e-01 -3.087486000000000175e+00
2.914524999999999810e+00 -2.089900000000000091e-01 -3.086392000000000024e+00
2.852691999999999783e+00 -2.075069999999999970e-01 -3.087496999999999936e+00
2.815460999999999991e+00 -2.103949999999999987e-01 -3.086953999999999976e+00
2.786045000000000105e+00 -2.117600000000000038e-01 -3.087695000000000078e+00
2.753041000000000071e+00 -2.129659999999999886e-01 -3.088808000000000220e+00
2.721772000000000080e+00 -2.138809999999999878e-01 -3.092632000000000048e+00
2.672229000000000187e+00 -2.172699999999999909e-01 -3.094497000000000053e+00
2.632693000000000172e+00 -2.191879999999999939e-01 -3.097360999999999809e+00
2.588687000000000182e+00 -2.217689999999999939e-01 -3.095760999999999985e+00
2.549901000000000195e+00 -2.224099999999999966e-01 -3.096519999999999939e+00
2.505320000000000213e+00 -2.238070000000000059e-01 -3.098953999999999986e+00
2.482047000000000114e+00 -2.247260000000000091e-01 -3.099305000000000199e+00
2.429507000000000083e+00 -2.273840000000000028e-01 -3.097480000000000011e+00
2.375284000000000173e+00 -2.275679999999999925e-01 -3.094538000000000011e+00
2.324962000000000195e+00 -2.282510000000000094e-01 -3.097293000000000074e+00
2.291068999999999800e+00 -2.296370000000000078e-01 -3.099969000000000197e+00
2.252644000000000091e+00 -2.322680000000000022e-01 -3.102125000000000021e+00
2.191425000000000178e+00 -2.348560000000000092e-01 -3.103607999999999922e+00
2.140054000000000123e+00 -2.348530000000000062e-01 -3.106157000000000057e+00
2.090155999999999903e+00 -2.360309999999999908e-01 -3.108443999999999985e+00
2.031410000000000160e+00 -2.374209999999999932e-01 -3.107444000000000095e+00
1.978210000000000024e+00 -2.456270000000000120e-01 -3.090602000000000071e+00
1.955017000000000005e+00 -2.508070000000000022e-01 -3.070216999999999974e+00
1.913183999999999996e+00 -2.657740000000000102e-01 -2.998852999999999991e+00
1.875119999999999898e+00 -2.848709999999999853e-01 -2.934791999999999845e+00
1.831744999999999957e+00 -3.106949999999999990e-01 -2.859137000000000040e+00
1.783228999999999953e+00 -3.377459999999999907e-01 -2.810899000000000036e+00
1.742512000000000061e+00 -3.586440000000000183e-01 -2.781489000000000100e+00
1.710728999999999944e+00 -3.709370000000000167e-01 -2.767589000000000077e+00
1.694012999999999991e+00 -3.839560000000000195e-01 -2.762255999999999823e+00
1.658196999999999921e+00 -4.023649999999999727e-01 -2.751762999999999959e+00
1.622760999999999898e+00 -4.273270000000000124e-01 -2.708673999999999804e+00
1.583272999999999930e+00 -4.567860000000000253e-01 -2.657313999999999954e+00
1.570859000000000005e+00 -4.725360000000000116e-01 -2.620902000000000065e+00
1.538043999999999967e+00 -5.051390000000000047e-01 -2.566984000000000155e+00
1.514075999999999977e+00 -5.349479999999999791e-01 -2.507156000000000162e+00
1.488048999999999955e+00 -5.641070000000000251e-01 -2.468923000000000201e+00
1.460687999999999986e+00 -6.003150000000000430e-01 -2.417886000000000202e+00
1.433164000000000105e+00 -6.430270000000000152e-01 -2.361089000000000215e+00
1.403496000000000077e+00 -6.925670000000000437e-01 -2.311764999999999848e+00
1.398740000000000094e+00 -7.130999999999999561e-01 -2.267237000000000169e+00
1.374084000000000083e+00 -7.603760000000000518e-01 -2.219412000000000162e+00
1.340476000000000001e+00 -8.210220000000000296e-01 -2.168806000000000012e+00
1.341279000000000110e+00 -8.521509999999999918e-01 -2.100835000000000008e+00
1.331990000000000007e+00 -8.955739999999999812e-01 -2.026569999999999983e+00
1.327112999999999987e+00 -9.247309999999999697e-01 -1.990142000000000078e+00
1.314578000000000024e+00 -9.883410000000000251e-01 -1.917222999999999900e+00
1.317641000000000062e+00 -1.028283000000000058e+00 -1.836589000000000027e+00
1.326268000000000002e+00 -1.059841999999999951e+00 -1.761214000000000057e+00
1.326770000000000005e+00 -1.101563000000000070e+00 -1.739208000000000087e+00
1.333612000000000020e+00 -1.165392999999999901e+00 -1.725684999999999913e+00
1.324791000000000052e+00 -1.215346000000000037e+00 -1.727297000000000082e+00
1.317061000000000037e+00 -1.259007999999999905e+00 -1.730213999999999919e+00
1.307990999999999904e+00 -1.306056000000000106e+00 -1.736761999999999917e+00
1.300340999999999969e+00 -1.350643999999999956e+00 -1.737430999999999948e+00
1.296901999999999999e+00 -1.395167999999999964e+00 -1.719206000000000012e+00
1.295039999999999969e+00 -1.417019000000000029e+00 -1.712612999999999941e+00
1.289808999999999983e+00 -1.461300999999999961e+00 -1.707843999999999918e+00
1.287223000000000006e+00 -1.503252999999999950e+00 -1.701163999999999898e+00
1.281118999999999897e+00 -1.547237999999999891e+00 -1.702698000000000045e+00
1.275177000000000005e+00 -1.592027000000000081e+00 -1.702698000000000045e+00
1.274583999999999939e+00 -1.629151000000000016e+00 -1.693584999999999896e+00
1.275298000000000043e+00 -1.672909999999999897e+00 -1.665777000000000063e+00
1.270389999999999908e+00 -1.725751999999999953e+00 -1.634571999999999914e+00
1.269679999999999920e+00 -1.770597999999999894e+00 -1.625018000000000074e+00
1.267306999999999961e+00 -1.816348999999999991e+00 -1.618981999999999921e+00
1.264432999999999918e+00 -1.860932000000000031e+00 -1.622224000000000110e+00
1.259149999999999991e+00 -1.884346000000000076e+00 -1.623261000000000065e+00
1.256788000000000016e+00 -1.929313999999999973e+00 -1.623261000000000065e+00
1.254245999999999972e+00 -1.964630000000000098e+00 -1.620816000000000034e+00
1.252402999999999933e+00 -2.008246000000000198e+00 -1.619282000000000110e+00
1.250212000000000101e+00 -2.053401000000000032e+00 -1.619282000000000110e+00
1.248029999999999973e+00 -2.098377000000000159e+00 -1.619282000000000110e+00
1.242709000000000064e+00 -2.131416999999999895e+00 -1.627685999999999966e+00
1.240151999999999921e+00 -2.176305000000000156e+00 -1.627685999999999966e+00
1.239783000000000079e+00 -2.210564999999999891e+00 -1.626025000000000054e+00
1.241776999999999909e+00 -2.238563000000000081e+00 -1.618098999999999954e+00
1.242102999999999957e+00 -2.278687000000000129e+00 -1.613582999999999990e+00
1.240453999999999946e+00 -2.323094999999999910e+00 -1.612505000000000077e+00
1.240058000000000105e+00 -2.339313000000000198e+00 -1.617366999999999999e+00
1.235772000000000093e+00 -2.376475000000000115e+00 -1.613010999999999973e+00
1.231449999999999934e+00 -2.431335999999999942e+00 -1.613725000000000076e+00
1.229532000000000069e+00 -2.469983000000000040e+00 -1.615405999999999898e+00
3.983153999999999861e+00 -2.116989999999999983e-01 3.040449999999999875e+00
3.948822999999999972e+00 -2.040299999999999891e-01 3.038454999999999906e+00
3.916157999999999806e+00 -1.983129999999999893e-01 3.041047999999999973e+00
3.880993000000000137e+00 -1.922079999999999900e-01 3.043093999999999966e+00
3.847408000000000161e+00 -1.872409999999999908e-01 3.044586999999999932e+00
3.812240000000000073e+00 -1.822169999999999901e-01 3.041938000000000031e+00
3.796324999999999950e+00 -1.803400000000000003e-01 3.042034999999999823e+00
3.764924999999999855e+00 -1.767900000000000027e-01 3.042955000000000076e+00
3.724292999999999854e+00 -1.735700000000000021e-01 3.041392000000000095e+00
3.690447999999999951e+00 -1.690170000000000006e-01 3.042317999999999856e+00
3.655895000000000117e+00 -1.641140000000000099e-01 3.040582999999999814e+00
3.624248000000000136e+00 -1.650679999999999925e-01 3.052004000000000161e+00
3.585383000000000209e+00 -1.615459999999999952e-01 3.071956999999999827e+00
3.551680999999999866e+00 -1.590870000000000062e-01 3.079820999999999920e+00
3.516830999999999818e+00 -1.568019999999999969e-01 3.078091999999999828e+00
3.488338999999999857e+00 -1.587210000000000010e-01 3.076988000000000056e+00
3.455937000000000037e+00 -1.552260000000000029e-01 3.074948000000000015e+00
3.441552000000000167e+00 -1.556839999999999891e-01 3.076541999999999888e+00
3.407859999999999889e+00 -1.487150000000000138e-01 3.074813999999999936e+00
3.300996000000000041e+00 -1.391320000000000057e-01 3.064351999999999965e+00
3.270620999999999778e+00 -1.329230000000000134e-01 3.043547999999999920e+00
3.239942999999999795e+00 -1.290139999999999898e-01 3.039463000000000026e+00
3.211545000000000094e+00 -1.256410000000000027e-01 3.036223999999999812e+00
3.172903999999999947e+00 -1.215979999999999978e-01 3.032195999999999891e+00
3.139526000000000039e+00 -1.188400000000000012e-01 3.028802999999999912e+00
3.103346000000000160e+00 -1.156480000000000008e-01 3.022788999999999948e+00
3.071868999999999961e+00 -1.118969999999999965e-01 3.021549999999999958e+00
3.028899000000000008e+00 -1.037919999999999954e-01 3.023102000000000178e+00
2.993091000000000168e+00 -1.023440000000000044e-01 3.018714999999999815e+00
2.975910999999999973e+00 -1.007070000000000048e-01 3.017500000000000071e+00
2.961446000000000023e+00 -9.883500000000000618e-02 3.016173999999999911e+00
2.953281000000000045e+00 -9.685000000000000553e-02 3.015887999999999902e+00
2.921006999999999909e+00 -9.334900000000000142e-02 3.015232000000000134e+00
2.882805999999999980e+00 -8.955799999999999872e-02 3.013221000000000149e+00
2.867688999999999933e+00 -8.816599999999999437e-02 3.010559000000000207e+00
2.850344999999999906e+00 -8.766200000000000381e-02 3.007585999999999871e+00
2.806525999999999854e+00 -8.082399999999999307e-02 3.010097000000000023e+00
2.780482999999999816e+00 -7.863199999999999357e-02 3.007948999999999984e+00
2.750859000000000165e+00 -7.085400000000000031e-02 3.002008000000000010e+00
2.732654999999999834e+00 -7.035199999999999787e-02 3.003175999999999846e+00
2.733159999999999812e+00 -6.765300000000000480e-02 3.003448000000000118e+00
2.721903999999999879e+00 -6.522400000000000420e-02 3.004290000000000127e+00
2.727631000000000139e+00 -6.425300000000000455e-02 3.004856999999999889e+00
2.725554999999999950e+00 -6.384199999999999597e-02 3.004877000000000020e+00
2.726901999999999937e+00 -6.400100000000000233e-02 3.005002000000000173e+00
2.724168000000000145e+00 -6.420900000000000218e-02 3.004700000000000149e+00
2.720009000000000121e+00 -6.385699999999999710e-02 3.004696000000000033e+00
2.716232999999999898e+00 -6.354400000000000326e-02 3.004843000000000153e+00
2.711784999999999890e+00 -6.373399999999999899e-02 3.004556000000000004e+00
2.708995999999999960e+00 -6.415899999999999381e-02 3.004208000000000212e+00
2.706186000000000202e+00 -6.421100000000000418e-02 3.004051000000000027e+00
2.704645999999999884e+00 -6.400400000000000533e-02 3.004210000000000047e+00
2.701884999999999870e+00 -6.364899999999999725e-02 3.004354000000000191e+00
2.699492999999999920e+00 -6.327599999999999891e-02 3.004630000000000134e+00
2.696435000000000137e+00 -6.329300000000000204e-02 3.004677000000000042e+00
2.695511999999999908e+00 -6.335799999999999765e-02 3.004675000000000207e+00
2.691864999999999952e+00 -6.305399999999999894e-02 3.004868000000000094e+00
2.691467999999999972e+00 -6.270000000000000573e-02 3.005138999999999783e+00
2.693102999999999803e+00 -6.257100000000000162e-02 3.005186999999999831e+00
2.693540000000000045e+00 -6.231300000000000033e-02 3.005352999999999941e+00
2.692347999999999963e+00 -6.219500000000000028e-02 3.005465000000000053e+00
2.691799000000000053e+00 -6.214299999999999685e-02 3.005453000000000152e+00
2.691031999999999869e+00 -6.222199999999999953e-02 3.005399000000000154e+00
2.688863000000000003e+00 -6.210799999999999654e-02 3.005532000000000092e+00
2.688128999999999991e+00 -6.209800000000000042e-02 3.005596000000000156e+00
2.688423999999999925e+00 -6.203800000000000286e-02 3.005666999999999867e+00
2.685923999999999978e+00 -6.193800000000000000e-02 3.005796000000000134e+00
2.683473999999999915e+00 -6.202699999999999880e-02 3.006915999999999922e+00
2.680607000000000184e+00 -6.180000000000000077e-02 3.006280999999999981e+00
2.679187000000000207e+00 -6.171299999999999703e-02 3.005581999999999976e+00
2.676406000000000063e+00 -6.167899999999999772e-02 3.005517999999999912e+00
2.675136000000000180e+00 -6.166200000000000153e-02 3.005310000000000148e+00
2.673055000000000181e+00 -6.163199999999999928e-02 3.005339000000000205e+00
2.670927999999999969e+00 -6.153800000000000242e-02 3.004881999999999831e+00
2.669170999999999960e+00 -6.144499999999999962e-02 3.004443999999999892e+00
2.670023000000000035e+00 -6.168200000000000072e-02 3.005006999999999984e+00
2.669150999999999829e+00 -6.165199999999999847e-02 3.004643999999999870e+00
2.666887000000000008e+00 -6.160800000000000304e-02 3.004995999999999778e+00
2.664482000000000017e+00 -6.140000000000000319e-02 3.004912000000000027e+00
2.657356000000000051e+00 -6.121399999999999758e-02 3.007931000000000132e+00
2.643724000000000185e+00 -6.023699999999999888e-02 3.009854999999999947e+00
2.624325999999999937e+00 -5.625900000000000345e-02 3.007702999999999793e+00
2.601284999999999847e+00 -5.326499999999999985e-02 3.010304000000000091e+00
2.571778999999999815e+00 -4.877700000000000091e-02 3.010323000000000082e+00
2.541843000000000075e+00 -4.397299999999999820e-02 3.008534000000000042e+00
2.526326000000000072e+00 -4.272200000000000303e-02 3.009405999999999803e+00
2.494047999999999821e+00 -3.719499999999999890e-02 3.009548999999999808e+00
2.465075999999999823e+00 -3.248800000000000299e-02 3.007378999999999802e+00
2.441444000000000170e+00 -3.022499999999999840e-02 3.003509999999999902e+00
2.412987000000000215e+00 -3.255700000000000260e-02 3.020420000000000105e+00
2.376187999999999967e+00 -3.969999999999999918e-02 3.074590000000000156e+00
2.341203000000000145e+00 -5.167299999999999671e-02 -3.132479000000000013e+00
2.309355000000000047e+00 -6.464300000000000601e-02 -3.062070999999999987e+00
2.283851999999999993e+00 -8.658399999999999430e-02 -2.966931000000000207e+00
2.271288000000000196e+00 -1.028820000000000012e-01 -2.876085999999999920e+00
2.251647000000000176e+00 -1.242469999999999963e-01 -2.799784999999999968e+00
2.241687999999999903e+00 -1.490690000000000071e-01 -2.718519000000000130e+00
2.231602000000000086e+00 -1.648429999999999895e-01 -2.668069000000000024e+00
2.222452000000000094e+00 -1.931350000000000011e-01 -2.564944999999999808e+00
2.213557999999999915e+00 -2.204550000000000121e-01 -2.494193000000000104e+00
2.187733999999999845e+00 -2.454409999999999925e-01 -2.469240999999999797e+00
2.164258999999999933e+00 -2.629079999999999750e-01 -2.472142999999999979e+00
2.139251999999999931e+00 -2.820030000000000037e-01 -2.474635000000000140e+00
2.106520000000000170e+00 -3.093620000000000259e-01 -2.477914000000000172e+00
2.095317999999999792e+00 -3.293050000000000144e-01 -2.470952000000000037e+00
2.081058000000000074e+00 -3.455239999999999978e-01 -2.464739999999999931e+00
2.058101999999999876e+00 -3.644760000000000222e-01 -2.468952999999999953e+00
2.028236000000000150e+00 -3.911120000000000152e-01 -2.464188000000000045e+00
2.011830999999999925e+00 -3.932249999999999912e-01 -2.464501999999999970e+00
1.987476999999999938e+00 -4.125570000000000070e-01 -2.464539999999999953e+00
1.964808000000000110e+00 -4.298230000000000106e-01 -2.466933000000000042e+00
1.940555000000000030e+00 -4.492090000000000249e-01 -2.468893000000000004e+00
1.905963000000000074e+00 -4.758029999999999760e-01 -2.472684000000000104e+00
1.877280999999999977e+00 -4.952679999999999860e-01 -2.472693000000000030e+00
1.850975000000000037e+00 -5.133809999999999762e-01 -2.474187000000000136e+00
1.832189999999999985e+00 -5.371590000000000531e-01 -2.440421999999999869e+00
1.814686000000000021e+00 -5.686919999999999753e-01 -2.388211999999999779e+00
1.788837999999999928e+00 -5.942359999999999864e-01 -2.368243000000000098e+00
1.757989999999999942e+00 -6.294359999999999955e-01 -2.366978000000000026e+00
1.748421000000000003e+00 -6.387699999999999489e-01 -2.366586999999999996e+00
1.727597999999999967e+00 -6.584860000000000158e-01 -2.369151000000000007e+00
1.723656999999999995e+00 -6.624910000000000521e-01 -2.366594000000000086e+00
1.706871999999999945e+00 -6.826809999999999823e-01 -2.367302000000000017e+00
1.690020000000000078e+00 -7.007830000000000448e-01 -2.364011000000000084e+00
1.670816999999999997e+00 -7.199419999999999709e-01 -2.363191000000000042e+00
1.654700999999999977e+00 -7.335819999999999563e-01 -2.365575000000000205e+00
1.642646999999999968e+00 -7.433929999999999705e-01 -2.371942999999999913e+00
1.613196999999999992e+00 -7.710409999999999764e-01 -2.376269999999999882e+00
1.596230000000000038e+00 -7.852369999999999628e-01 -2.380751000000000062e+00
1.573592000000000102e+00 -8.072610000000000063e-01 -2.378464999999999829e+00
1.543493999999999922e+00 -8.365770000000000151e-01 -2.376778999999999975e+00
1.511130000000000084e+00 -8.708510000000000417e-01 -2.378324999999999800e+00
1.474161999999999972e+00 -9.086849999999999650e-01 -2.381946999999999814e+00
1.450404999999999944e+00 -9.371920000000000250e-01 -2.363716000000000150e+00
1.418075999999999892e+00 -9.826070000000000082e-01 -2.321721999999999841e+00
1.422296000000000005e+00 -9.800919999999999632e-01 -2.310995999999999828e+00
1.394895999999999914e+00 -1.011011000000000104e+00 -2.304418000000000077e+00
1.361134999999999984e+00 -1.054708999999999897e+00 -2.284098000000000184e+00
1.342576999999999909e+00 -1.091142000000000056e+00 -2.239850000000000119e+00
1.320090999999999903e+00 -1.123945999999999890e+00 -2.227847999999999828e+00
1.294275000000000064e+00 -1.167122999999999911e+00 -2.203303000000000011e+00
1.276005999999999974e+00 -1.201348000000000082e+00 -2.177846000000000171e+00
1.271636999999999906e+00 -1.218345000000000011e+00 -2.146863000000000188e+00
1.277630999999999961e+00 -1.255144000000000037e+00 -2.038918999999999926e+00
1.271003000000000105e+00 -1.290383000000000058e+00 -1.992747999999999964e+00
1.256218999999999975e+00 -1.326613999999999960e+00 -1.986809000000000047e+00
1.239360999999999935e+00 -1.364244999999999930e+00 -1.987827000000000011e+00
1.223973999999999895e+00 -1.401510000000000034e+00 -1.982766999999999946e+00
1.204723999999999906e+00 -1.463041000000000036e+00 -1.950110000000000010e+00
1.196059999999999901e+00 -1.499092000000000091e+00 -1.932258999999999949e+00
1.182477999999999918e+00 -1.536102000000000078e+00 -1.930582999999999938e+00
1.168304999999999927e+00 -1.574732999999999938e+00 -1.929130000000000011e+00
1.154910000000000103e+00 -1.612378000000000089e+00 -1.926061999999999941e+00
1.145262999999999920e+00 -1.650185000000000013e+00 -1.906846000000000041e+00
1.140579999999999927e+00 -1.660171999999999981e+00 -1.911353999999999997e+00
1.129938000000000109e+00 -1.698382000000000058e+00 -1.899127000000000010e+00
1.115952000000000055e+00 -1.740671999999999997e+00 -1.895065999999999917e+00
1.106678000000000051e+00 -1.779506999999999950e+00 -1.878147999999999929e+00
1.108289999999999997e+00 -1.820343999999999962e+00 -1.814268999999999910e+00
1.125072999999999990e+00 -1.842414999999999914e+00 -1.717840999999999951e+00
1.123396000000000061e+00 -1.880441999999999947e+00 -1.700355000000000061e+00
1.119841000000000086e+00 -1.922781000000000073e+00 -1.695230999999999932e+00
1.114627999999999952e+00 -1.964091999999999949e+00 -1.695534000000000097e+00
1.109582000000000068e+00 -2.004335000000000200e+00 -1.695534000000000097e+00
1.093906000000000045e+00 -2.059714000000000045e+00 -1.703238000000000030e+00
1.090387999999999913e+00 -2.086117000000000221e+00 -1.703238000000000030e+00
1.085493999999999959e+00 -2.123959999999999848e+00 -1.704156999999999922e+00
1.079393000000000047e+00 -2.168111999999999817e+00 -1.704992000000000063e+00
1.073504999999999932e+00 -2.213073000000000068e+00 -1.704156999999999922e+00
1.066808999999999896e+00 -2.258413000000000004e+00 -1.700631999999999922e+00
1.060783000000000031e+00 -2.302382000000000151e+00 -1.701970999999999901e+00
1.054307000000000105e+00 -2.346036999999999928e+00 -1.705181000000000058e+00
1.043968999999999925e+00 -2.417591999999999963e+00 -1.708326999999999929e+00
1.038129999999999997e+00 -2.461758000000000113e+00 -1.707200999999999969e+00
8.924579999999999735e-01 -6.212029999999999497e-01 2.799135999999999846e+00
3.963950999999999780e+00 -3.496310000000000251e-01 2.946420999999999957e+00
3.924301999999999957e+00 -3.406870000000000176e-01 2.949554000000000009e+00
3.883445000000000036e+00 -3.315119999999999734e-01 2.948506000000000071e+00
3.847818999999999878e+00 -3.238170000000000215e-01 2.945472000000000090e+00
3.816914999999999836e+00 -3.205319999999999836e-01 2.941447000000000145e+00
3.782420000000000115e+00 -3.140260000000000273e-01 2.941826999999999970e+00
3.746998000000000051e+00 -3.066409999999999969e-01 2.940824999999999800e+00
3.692987000000000020e+00 -2.875770000000000270e-01 2.946366999999999958e+00
3.655635999999999886e+00 -2.804729999999999723e-01 2.945599000000000078e+00
3.637277000000000093e+00 -2.783399999999999763e-01 2.952703000000000078e+00
3.603676000000000101e+00 -2.765190000000000148e-01 2.973545000000000105e+00
3.570006999999999930e+00 -2.709949999999999859e-01 2.976072999999999968e+00
3.539505000000000123e+00 -2.675060000000000215e-01 2.979538999999999938e+00
3.508933999999999997e+00 -2.661410000000000164e-01 2.993416999999999994e+00
3.474877000000000216e+00 -2.797870000000000079e-01 3.068782999999999817e+00
3.436888000000000165e+00 -2.918120000000000158e-01 3.133950000000000014e+00
3.400841999999999921e+00 -2.921630000000000060e-01 3.140080000000000204e+00
3.367858000000000018e+00 -2.935320000000000151e-01 -3.141030999999999906e+00
3.334124000000000088e+00 -2.923660000000000148e-01 3.137601999999999780e+00
3.298421999999999965e+00 -2.899390000000000023e-01 3.134948000000000068e+00
3.280387000000000164e+00 -2.915760000000000018e-01 3.135149000000000186e+00
3.232409000000000088e+00 -2.875920000000000143e-01 3.129205999999999932e+00
3.178153000000000006e+00 -2.891389999999999794e-01 3.127870999999999846e+00
3.120006000000000057e+00 -2.879680000000000017e-01 3.126508999999999983e+00
3.060051000000000077e+00 -2.840550000000000019e-01 3.120305999999999802e+00
2.970692999999999806e+00 -2.723679999999999990e-01 3.125423000000000062e+00
2.906114000000000086e+00 -2.721029999999999838e-01 3.124410000000000132e+00
2.869197999999999915e+00 -2.743599999999999928e-01 3.124048000000000158e+00
2.820199999999999818e+00 -2.723200000000000065e-01 3.120597000000000065e+00
2.793880999999999837e+00 -2.724059999999999815e-01 3.120910999999999991e+00
2.728934000000000193e+00 -2.724480000000000235e-01 3.116356999999999822e+00
2.669017000000000195e+00 -2.715969999999999773e-01 3.115842999999999918e+00
2.654383999999999855e+00 -2.710540000000000171e-01 3.113741000000000092e+00
2.603616000000000152e+00 -2.715779999999999861e-01 3.109550000000000036e+00
2.565929000000000126e+00 -2.695640000000000258e-01 3.104445999999999817e+00
2.512748999999999899e+00 -2.613599999999999812e-01 3.102311999999999959e+00
2.456528000000000045e+00 -2.591439999999999855e-01 3.104422000000000015e+00
2.415671000000000124e+00 -2.591100000000000070e-01 3.107874999999999943e+00
2.368425999999999920e+00 -2.580180000000000251e-01 3.107779999999999987e+00
2.334887000000000157e+00 -2.598829999999999751e-01 3.102986000000000022e+00
2.275174999999999947e+00 -2.580020000000000091e-01 3.104928999999999828e+00
2.221185000000000187e+00 -2.532989999999999964e-01 3.096804000000000112e+00
2.157915000000000028e+00 -2.488269999999999926e-01 3.093265000000000153e+00
2.137560999999999822e+00 -2.501390000000000002e-01 3.090606000000000186e+00
2.050990999999999786e+00 -2.426619999999999888e-01 3.088913999999999938e+00
1.947292000000000023e+00 -2.378770000000000051e-01 3.086177000000000170e+00
1.893917999999999990e+00 -2.363109999999999933e-01 3.087069000000000063e+00
1.833086999999999911e+00 -2.403770000000000073e-01 3.118600999999999956e+00
1.776033999999999891e+00 -2.489089999999999914e-01 3.125240999999999936e+00
1.713157999999999959e+00 -2.478809999999999902e-01 3.125240999999999936e+00
1.649934000000000012e+00 -2.440140000000000087e-01 3.121719999999999828e+00
1.585318999999999923e+00 -2.367130000000000067e-01 3.115123000000000086e+00
1.520639000000000074e+00 -2.288290000000000046e-01 3.109500000000000153e+00
1.254615000000000036e+00 -2.027090000000000003e-01 3.103581000000000145e+00
1.189759000000000011e+00 -1.978840000000000043e-01 3.100877999999999801e+00
1.078487999999999891e+00 -1.902099999999999902e-01 3.111491000000000007e+00
1.011317999999999939e+00 -1.859159999999999979e-01 3.110990000000000144e+00
9.501220000000000221e-01 -1.826720000000000010e-01 3.112582999999999878e+00
8.860890000000000155e-01 -1.803150000000000031e-01 3.112477999999999856e+00
3.952182000000000084e+00 -1.620389999999999886e-01 3.052526999999999990e+00
3.919214000000000198e+00 -1.595330000000000081e-01 3.053961999999999843e+00
3.886420999999999903e+00 -1.570239999999999969e-01 3.052378000000000036e+00
3.853634000000000004e+00 -1.546309999999999907e-01 3.050288999999999806e+00
3.818379000000000190e+00 -1.508730000000000071e-01 3.046454999999999913e+00
3.783068999999999793e+00 -1.465090000000000003e-01 3.041827000000000059e+00
3.765385000000000204e+00 -1.444320000000000048e-01 3.039807000000000148e+00
3.734411999999999843e+00 -1.431020000000000070e-01 3.039876000000000023e+00
3.700973999999999986e+00 -1.380329999999999890e-01 3.041742999999999864e+00
3.667784999999999851e+00 -1.351229999999999931e-01 3.040637999999999952e+00
3.635953000000000213e+00 -1.314529999999999865e-01 3.036176999999999904e+00
3.584715000000000096e+00 -1.161480000000000012e-01 3.037062000000000150e+00
3.553116000000000163e+00 -1.153840000000000005e-01 3.039702000000000126e+00
3.524055000000000160e+00 -1.113350000000000034e-01 3.040598000000000134e+00
3.492805000000000160e+00 -1.089200000000000029e-01 3.042996000000000034e+00
3.454086000000000212e+00 -1.049900000000000000e-01 3.040544999999999831e+00
3.422429000000000165e+00 -1.011299999999999977e-01 3.039178000000000157e+00
3.405600999999999878e+00 -9.894999999999999629e-02 3.036887000000000114e+00
3.368888000000000105e+00 -8.704199999999999438e-02 3.036472999999999978e+00
3.336485000000000145e+00 -8.273300000000000098e-02 3.034415999999999780e+00
3.310559000000000029e+00 -7.909199999999999564e-02 3.032865999999999840e+00
3.283822999999999936e+00 -7.695499999999999563e-02 3.035134000000000221e+00
3.246105000000000018e+00 -6.748099999999999932e-02 3.029514999999999958e+00
3.223933000000000160e+00 -6.356900000000000051e-02 3.025437000000000154e+00
3.185560999999999865e+00 -5.869900000000000118e-02 3.024326999999999988e+00
3.142939000000000149e+00 -5.441000000000000003e-02 3.021872000000000114e+00
3.105071000000000137e+00 -4.966799999999999687e-02 3.021062999999999832e+00
3.099441999999999808e+00 -5.157599999999999685e-02 3.038625999999999827e+00
3.094359999999999999e+00 -5.706100000000000061e-02 3.071219000000000143e+00
3.122615000000000141e+00 -5.779000000000000109e-02 3.078609999999999847e+00
3.095921000000000145e+00 -6.098100000000000048e-02 3.081809999999999938e+00
3.054352000000000178e+00 -6.170400000000000190e-02 3.084381000000000039e+00
3.034558000000000089e+00 -6.760700000000000043e-02 3.083626999999999896e+00
3.012675000000000214e+00 -6.855799999999999395e-02 3.080983999999999945e+00
2.980850999999999917e+00 -6.770199999999999829e-02 3.077888000000000179e+00
2.952817000000000025e+00 -6.706600000000000061e-02 3.073586999999999847e+00
2.919217999999999869e+00 -6.327800000000000091e-02 3.073408999999999835e+00
2.881663999999999781e+00 -5.958600000000000008e-02 3.073050999999999977e+00
2.860479999999999912e+00 -5.868799999999999711e-02 3.069587999999999983e+00
2.827177999999999969e+00 -5.518200000000000188e-02 3.066005000000000091e+00
2.809276000000000106e+00 -5.365099999999999730e-02 3.065170000000000172e+00
2.769737000000000116e+00 -5.254500000000000143e-02 3.055792999999999981e+00
2.761919999999999931e+00 -4.869799999999999823e-02 3.060630999999999879e+00
2.726220999999999783e+00 -4.553900000000000309e-02 3.059382999999999964e+00
2.689362000000000030e+00 -4.273799999999999821e-02 3.060540000000000038e+00
2.662441999999999975e+00 -4.043499999999999872e-02 3.057643999999999807e+00
2.627498000000000111e+00 -3.696900000000000186e-02 3.055419000000000107e+00
2.593979000000000035e+00 -3.637599999999999861e-02 3.055034000000000027e+00
2.554337999999999997e+00 -3.218499999999999833e-02 3.055269000000000013e+00
2.507601999999999887e+00 -2.848200000000000037e-02 3.056802999999999937e+00
2.483460000000000001e+00 -2.179800000000000140e-02 3.060680000000000067e+00
2.444745000000000168e+00 -1.798100000000000045e-02 3.058370000000000033e+00
2.422711000000000059e+00 -1.590899999999999953e-02 3.057261000000000006e+00
2.380536999999999903e+00 -1.009299999999999954e-02 3.052744999999999820e+00
2.335110999999999937e+00 -5.794999999999999804e-03 3.051530000000000076e+00
2.291104999999999947e+00 2.300000000000000002e-05 3.048865000000000158e+00
2.247667999999999999e+00 5.827999999999999847e-03 3.048010999999999804e+00
2.203092999999999968e+00 9.818999999999999603e-03 3.048922000000000132e+00
2.159353999999999996e+00 8.906999999999999987e-03 3.073652000000000051e+00
2.117412999999999990e+00 1.610000000000000103e-04 3.135883999999999894e+00
2.077773999999999788e+00 -1.329699999999999979e-02 -3.123667999999999889e+00
2.032423999999999786e+00 -1.768899999999999986e-02 -3.109094999999999942e+00
1.988355000000000095e+00 -1.810399999999999857e-02 -3.112839000000000134e+00
1.951419000000000015e+00 -2.073799999999999949e-02 -3.117417000000000105e+00
1.921699000000000046e+00 -2.324800000000000130e-02 -3.122911999999999910e+00
1.874039999999999928e+00 -2.568300000000000097e-02 -3.119562000000000168e+00
1.829032999999999909e+00 -2.667599999999999832e-02 -3.119562000000000168e+00
1.784391000000000060e+00 -2.726500000000000104e-02 -3.121262999999999899e+00
1.740647000000000055e+00 -2.732800000000000160e-02 -3.132601999999999887e+00
1.694496000000000002e+00 -2.585099999999999898e-02 -3.138555000000000206e+00
1.655707999999999958e+00 -2.409599999999999936e-02 -3.138555999999999901e+00
1.610743000000000036e+00 -2.423200000000000007e-02 -3.138555999999999901e+00
1.565372999999999903e+00 -3.405299999999999994e-02 3.139492000000000171e+00
1.520694999999999908e+00 -3.361999999999999711e-02 3.139422000000000157e+00
1.498224999999999918e+00 -3.349699999999999900e-02 3.139072999999999780e+00
1.448973000000000066e+00 -3.565100000000000213e-02 -3.137497999999999898e+00
1.404403999999999986e+00 -3.833799999999999708e-02 -3.134778999999999982e+00
1.359375999999999918e+00 -3.719700000000000090e-02 -3.136744000000000199e+00
1.313889000000000085e+00 -3.708499999999999991e-02 -3.138278000000000123e+00
1.258488000000000051e+00 -3.366399999999999948e-02 -3.134126000000000190e+00
1.204479000000000077e+00 -2.909099999999999880e-02 -3.133277000000000090e+00
1.155105000000000048e+00 -2.518199999999999952e-02 -3.133617000000000097e+00
1.020264000000000060e+00 -1.934299999999999908e-02 -3.133776000000000117e+00
9.696770000000000111e-01 -1.940899999999999917e-02 -3.137061999999999795e+00
9.250589999999999646e-01 -1.955700000000000147e-02 -3.137319999999999887e+00
8.790000000000000036e-01 -1.699600000000000069e-02 3.140766999999999864e+00
3.961707000000000090e+00 -2.938140000000000196e-01 -3.139269000000000087e+00
3.921645999999999965e+00 -2.932130000000000014e-01 -3.141350999999999782e+00
3.881641999999999815e+00 -2.928810000000000024e-01 3.140594999999999803e+00
3.840765000000000207e+00 -2.922069999999999945e-01 3.138847999999999860e+00
3.800526000000000071e+00 -2.918490000000000251e-01 3.134670999999999985e+00
3.759964000000000084e+00 -2.923620000000000108e-01 3.134317999999999937e+00
3.717637999999999998e+00 -2.924350000000000005e-01 3.134009999999999962e+00
3.675899999999999945e+00 -2.888809999999999989e-01 3.128604999999999858e+00
3.635359999999999925e+00 -2.891850000000000254e-01 3.129910000000000192e+00
3.614752999999999883e+00 -2.889729999999999799e-01 3.130046000000000106e+00
3.559582999999999942e+00 -2.897429999999999728e-01 3.131006000000000178e+00
3.526022999999999907e+00 -2.885309999999999819e-01 3.128786999999999985e+00
3.487941000000000180e+00 -2.866199999999999859e-01 3.128667000000000087e+00
3.447294999999999998e+00 -2.848680000000000101e-01 3.126876000000000211e+00
3.403796999999999962e+00 -2.808100000000000041e-01 3.126287000000000038e+00
3.362979999999999858e+00 -2.800819999999999976e-01 3.126907000000000103e+00
3.320396999999999821e+00 -2.820420000000000149e-01 3.128451000000000093e+00
3.277772999999999826e+00 -2.821600000000000219e-01 3.127235000000000209e+00
3.234005999999999936e+00 -2.828019999999999978e-01 3.125646999999999842e+00
3.196293999999999969e+00 -2.834420000000000273e-01 3.121182999999999819e+00
3.152718000000000131e+00 -2.825170000000000181e-01 3.119143000000000221e+00
3.134605999999999781e+00 -2.816219999999999835e-01 3.115222999999999853e+00
3.098421999999999787e+00 -2.800219999999999931e-01 3.115664000000000211e+00
3.055464000000000180e+00 -2.779630000000000156e-01 3.111990000000000034e+00
3.014406000000000141e+00 -2.764869999999999828e-01 3.110046999999999784e+00
2.955794000000000032e+00 -2.747720000000000162e-01 3.111098999999999837e+00
2.900065000000000115e+00 -2.690679999999999739e-01 3.113423000000000052e+00
2.852012000000000214e+00 -2.663139999999999952e-01 3.108496999999999844e+00
2.801852999999999927e+00 -2.628719999999999946e-01 3.110317999999999916e+00
2.741076000000000068e+00 -2.589110000000000023e-01 3.112330000000000041e+00
2.700590000000000046e+00 -2.556820000000000204e-01 3.112639999999999851e+00
2.664537000000000155e+00 -2.556240000000000179e-01 3.111571999999999782e+00
2.645805000000000184e+00 -2.556979999999999809e-01 3.111022999999999872e+00
2.605018999999999973e+00 -2.538960000000000106e-01 3.107094000000000023e+00
2.541418000000000177e+00 -2.541149999999999798e-01 3.102418999999999816e+00
2.485754000000000019e+00 -2.521939999999999737e-01 3.096867000000000036e+00
2.426782999999999912e+00 -2.480880000000000030e-01 3.094746999999999915e+00
2.378894999999999982e+00 -2.454909999999999870e-01 3.093212999999999990e+00
2.329616000000000131e+00 -2.431049999999999878e-01 3.093212999999999990e+00
2.263034999999999908e+00 -2.314849999999999963e-01 3.098619999999999930e+00
2.246096999999999788e+00 -2.351219999999999977e-01 3.096445000000000114e+00
2.209438000000000013e+00 -2.328320000000000112e-01 3.096489000000000047e+00
2.136533000000000015e+00 -2.303389999999999882e-01 3.099979999999999958e+00
2.117205999999999921e+00 -2.271630000000000038e-01 3.094177999999999873e+00
2.069767000000000134e+00 -2.238469999999999904e-01 3.089277000000000051e+00
2.013520999999999894e+00 -2.196790000000000131e-01 3.089761999999999897e+00
1.975784999999999902e+00 -2.195640000000000092e-01 3.087149000000000143e+00
1.925729999999999942e+00 -2.188110000000000055e-01 3.086104000000000180e+00
1.870551999999999992e+00 -2.134580000000000088e-01 3.083301000000000069e+00
1.833558999999999939e+00 -2.060720000000000052e-01 3.076296999999999837e+00
1.775292000000000092e+00 -2.027720000000000078e-01 3.077604000000000006e+00
1.731166999999999900e+00 -2.001920000000000088e-01 3.081417000000000073e+00
1.708904999999999896e+00 -2.003669999999999896e-01 3.078269000000000144e+00
1.659844000000000097e+00 -1.972569999999999879e-01 3.078269000000000144e+00
1.612489000000000061e+00 -1.930300000000000071e-01 3.079482000000000053e+00
1.587814999999999976e+00 -1.918449999999999878e-01 3.081122000000000138e+00
1.516864999999999908e+00 -1.815630000000000022e-01 3.081123999999999974e+00
1.464706999999999981e+00 -1.695429999999999993e-01 3.080490000000000173e+00
1.405840999999999896e+00 -1.559889999999999888e-01 3.080149000000000026e+00
1.348549999999999915e+00 -1.515680000000000083e-01 3.071854999999999780e+00
1.301871999999999918e+00 -1.500049999999999994e-01 3.070002999999999815e+00
1.274655000000000094e+00 -1.436489999999999989e-01 3.066479000000000177e+00
1.210422000000000109e+00 -1.416379999999999861e-01 3.068233999999999906e+00
1.161689999999999889e+00 -1.380570000000000130e-01 3.068233999999999906e+00
1.116584999999999939e+00 -1.395629999999999926e-01 3.065040000000000209e+00
1.086197999999999997e+00 -1.286460000000000103e-01 3.067814999999999959e+00
1.061274999999999968e+00 -1.269659999999999955e-01 3.068575000000000053e+00
1.007676999999999934e+00 -1.213209999999999983e-01 3.066326999999999803e+00
9.585139999999999771e-01 -1.184619999999999979e-01 3.064789000000000208e+00
9.117020000000000124e-01 -1.142350000000000032e-01 3.056726999999999972e+00
8.624770000000000492e-01 -1.100040000000000046e-01 3.056544000000000150e+00
